<HTML>
<HEAD>
<TITLE>OSG4Web: OpenSceneGraph Plugin 4 IE and Firefox</TITLE>
<style type="text/css">
<!--
.Stile1 {font-family: Verdana, Arial, Helvetica, sans-serif}
.Stile2 {
	font-size: 14px;
	font-style: italic;
}
.Stile4 {
	font-family: Verdana, Arial, Helvetica, sans-serif;
	font-weight: bold;
	font-size: 36px;
}
.Stile5 {font-family: Verdana, Arial, Helvetica, sans-serif; font-size: 12px; }
.Stile6 {font-size: 10px}
-->
</style>
</HEAD>
<BODY>

<center class="Stile1">
<table width="100%" border="0" cellspacing="0" cellpadding="0">
  <tr>
    <td><div align="center"><span class="Stile4">OSG4Web Test Page </span></div></td>
  </tr>
  <tr>
    <td><div align="center"><strong><span class="Stile1"><span class="Stile2"><br>
      OpenSceneGraph Plugin 4 IE and Firefox</span></span></strong><br>
      </div></td>
  </tr>
</table>
</center>

<table width="100%" border="0" cellspacing="0" cellpadding="0">
  <tr>
    <td width="73%"><div align="center"><span class="Stile1">
      <br>
      <object name="OSG" id="@www.vhlab.itabc.cnr.it/osg4web,version=1.0.0.0" width="100%" height="550" type="application/osg4web-plugin" @IE_CLASSID_DEBUG@ >
	<param name="ADVCore" value="http://localhost/osg4webtest/@PROJECT_NAME@.rar">
	<param name="ADVCoreSHA1" value="@PROJECT_NAME@">
	<param name="ADVCoreStartOptions" value="COREBASE ADDSINGLE_MODEL http://localhost/osg4webtest/cow.ive"> 
<!--	<param name="ADVCoreInitOptions" value="useOriginalExternalReferences noLoadExternalReferenceFiles"> -->
<!--	<param name="LoadCoreOptions" value="useOriginalExternalReferences noLoadExternalReferenceFiles"> -->
      </object>

<script language="JavaScript">
function ExecCoreCommand(command) 
{
	compcommand = command;
	document.OSG.execCoreCommand(compcommand);
}

function GetCurrentMatrix() 
{
	retcommand = document.OSG.execCoreCommand('ANIMATEVIEW GET_CURRENT_MATRIX');
	
	if(retcommand != 'STREAM_ERROR')
		document.getElementById('MatrixArea').value = retcommand;
	else
		alert('Possible Stream Error. BAD COMMAND');
}

function GoToDirectly() 
{
	textmatrix = document.getElementById('MatrixArea').value;
	
	if(textmatrix != '')
	{
		retcommand = document.OSG.execCoreCommand('ANIMATEVIEW GO_TO_MATRIX_DIRECTLY' + ' ' + textmatrix);
	
		if(retcommand == 'STREAM_ERROR')
			alert('Possible Stream Error. BAD COMMAND');
	}
	else
		alert('Specify a position with GetMatrix');
}


function GetAnimationTime() 
{
	retcommand = document.OSG.execCoreCommand('ANIMATEVIEW GET_ANIMATION_TIME');
	
	if(retcommand != 'STREAM_ERROR')
		document.getElementById('AnimationTime').value = retcommand;
	else
		alert('Possible Stream Error. BAD COMMAND');
}

function SetAnimationTime() 
{
	textmatrix = document.getElementById('AnimationTime').value;
	
	if(textmatrix != '')
	{
		retcommand = document.OSG.execCoreCommand('ANIMATEVIEW SET_ANIMATION_TIME' + ' ' + textmatrix);
	
		if(retcommand == 'STREAM_ERROR')
			alert('Possible Stream Error. BAD COMMAND');
	}
	else
		alert('Specify a transition Time');
}


function StartAnimation() 
{
	document.OSG.execCoreCommand('ANIMATEVIEW RESET_DEFAULT');

	var uno = 'MatrixTransform { nodeMask 0xffffffff cullingActive TRUE referenceFrame RELATIVE  Matrix {    0.984948 0.171112 -0.0244704 0    0.0137034 0.0638245 0.997867 0    0.172308 -0.983182 0.060519 0    18.4943 -99.8472 5.74259 1  }}';
	
	var due = 'MatrixTransform {  nodeMask 0xffffffff  cullingActive TRUE  referenceFrame RELATIVE  Matrix {    0.199611 0.979826 -0.00981285 0    -0.310217 0.0726908 0.947882 0    0.929473 -0.186164 0.318469 0    95.3883 -18.9059 31.9387 1  }}	';

	var tre = 'MatrixTransform {  nodeMask 0xffffffff  cullingActive TRUE  referenceFrame RELATIVE  Matrix {    0.199611 0.979826 -0.00981285 0    -0.310217 0.0726908 0.947882 0    0.929473 -0.186164 0.318469 0    16.8537 -3.17623 5.03012 1  }}';

	var quattro = 'MatrixTransform {  nodeMask 0xffffffff  cullingActive TRUE  referenceFrame RELATIVE  Matrix {    0.199611 0.979826 -0.00981285 0    -0.310217 0.0726908 0.947882 0    0.929473 -0.186164 0.318469 0    154.449 -30.7351 52.1748 1  }}';
	
	var cinque = 'MatrixTransform {  nodeMask 0xffffffff  cullingActive TRUE  referenceFrame RELATIVE  Matrix { -0.643623 0.742166 0.186919 0 -0.229625 -0.420236 0.87788 0 0.730083 0.522102 0.440894 0 10.5001 6.51525 5.87229 1 }}';
	
	var sei = 'MatrixTransform {  nodeMask 0xffffffff  cullingActive TRUE  referenceFrame RELATIVE  Matrix { 0.00494027 -0.999277 -0.037703 0 0.327996 -0.0339983 0.944067 0 -0.944666 -0.0170304 0.327591 0 -7.30133 -0.576997 4.8701 1 }}';
	
	var sette = 'MatrixTransform { nodeMask 0xffffffff cullingActive TRUE referenceFrame RELATIVE Matrix { 0.993949 -0.108532 0.0169097 0 0.0530534 0.609153 0.791276 0 -0.0961795 -0.785591 0.611225 0 -0.649143 -12.0802 9.05764 1 }}';
	
	var otto = 'MatrixTransform {  nodeMask 0xffffffff  cullingActive TRUE  referenceFrame RELATIVE  Matrix { 0.00089866 0.999793 0.0203366 0 -0.244442 -0.0195001 0.969468 0 0.969663 -0.00584234 0.244374 0 9.78677 -0.373465 3.35202 1 }}';
	
	var nove = 'MatrixTransform { nodeMask 0xffffffff cullingActive TRUE referenceFrame RELATIVE Matrix { -0.628198 -0.74687 0.218065 0 -0.0699913 0.333379 0.940191 0 -0.774899 0.575364 -0.261703 0 -4.10248 3.07382 -0.274032 1 }}';
	
	var dieci = 'MatrixTransform { nodeMask 0xffffffff cullingActive TRUE referenceFrame RELATIVE Matrix { 0.878037 -0.300102 -0.372813 0 -0.071733 -0.8527 0.517452 0 -0.473186 -0.427599 -0.77023 0 -1.77416 -5.07876 -9.18696 1 }}';
	
	var sottomuso = 'MatrixTransform { nodeMask 0xffffffff cullingActive TRUE referenceFrame RELATIVE Matrix { 0.0127789 0.999843 0.0123091 0 0.993283 -0.014109 0.11485 0 0.115005 0.0107587 -0.993307 0 5.5449 -0.440508 -2.42288 1 }}';
	
	var rear = 'MatrixTransform { nodeMask 0xffffffff cullingActive TRUE referenceFrame RELATIVE Matrix { 0.00765419 -0.998776 0.0488625 0 0.327868 0.0486694 0.943469 0 -0.944693 0.00879896 0.327839 0 -8.46795 -0.373338 4.56957 1 }}';
	
	var leftside = 'MatrixTransform { nodeMask 0xffffffff cullingActive TRUE referenceFrame RELATIVE Matrix { -0.985304 0.150031 0.0816453 0 -0.0170943 -0.562208 0.826819 0 0.16995 0.813273 0.556511 0 3.4725 10.6034 7.85283 1 }}';

	
	retcommand = document.OSG.execCoreCommand('ANIMATEVIEW SET_ANIMATION_KEY TIME 2.5 MATRIX ' + ' ' + uno);
	
	if(retcommand == 'STREAM_ERROR')
		alert('Possible Stream Error. BAD COMMAND: string UNO');
/*
	retcommand = document.OSG.execCoreCommand('ANIMATEVIEW SET_ANIMATION_KEY TIME 3.0 MATRIX ' + ' ' + due);
	
	if(retcommand == 'STREAM_ERROR')
		alert('Possible Stream Error. BAD COMMAND: string DUE');

	retcommand = document.OSG.execCoreCommand('ANIMATEVIEW SET_ANIMATION_KEY TIME 1.5 MATRIX ' + ' ' + tre);
	
	if(retcommand == 'STREAM_ERROR')
		alert('Possible Stream Error. BAD COMMAND: string TRE');

	retcommand = document.OSG.execCoreCommand('ANIMATEVIEW SET_ANIMATION_KEY TIME 3.0 MATRIX ' + ' ' + quattro);
	
	if(retcommand == 'STREAM_ERROR')
		alert('Possible Stream Error. BAD COMMAND: string QUATTRO');
		
	retcommand = document.OSG.execCoreCommand('ANIMATEVIEW SET_ANIMATION_KEY TIME 4.0 MATRIX ' + ' ' + cinque);
	
	if(retcommand == 'STREAM_ERROR')
		alert('Possible Stream Error. BAD COMMAND: string CINQUE');
*/
		
	retcommand = document.OSG.execCoreCommand('ANIMATEVIEW SET_ANIMATION_KEY TIME 4.0 MATRIX ' + ' ' + sei);

	if(retcommand == 'STREAM_ERROR')
		alert('Possible Stream Error. BAD COMMAND: string SEI');
		
	retcommand = document.OSG.execCoreCommand('ANIMATEVIEW SET_ANIMATION_KEY TIME 6.0 MATRIX ' + ' ' + sette);
	
	if(retcommand == 'STREAM_ERROR')
		alert('Possible Stream Error. BAD COMMAND: string SETTE');
		
	retcommand = document.OSG.execCoreCommand('ANIMATEVIEW SET_ANIMATION_KEY TIME 6.0 MATRIX ' + ' ' + otto);
	
	if(retcommand == 'STREAM_ERROR')
		alert('Possible Stream Error. BAD COMMAND: string OTTO');
		
	retcommand = document.OSG.execCoreCommand('ANIMATEVIEW SET_ANIMATION_KEY TIME 6.0 MATRIX ' + ' ' + leftside);
	if(retcommand == 'STREAM_ERROR') alert('Possible Stream Error. BAD COMMAND: string LEFTSIDE');
		
	retcommand = document.OSG.execCoreCommand('ANIMATEVIEW SET_ANIMATION_KEY TIME 6.0 MATRIX ' + ' ' + rear);
	if(retcommand == 'STREAM_ERROR') alert('Possible Stream Error. BAD COMMAND: string REAR');
		
	retcommand = document.OSG.execCoreCommand('ANIMATEVIEW SET_ANIMATION_KEY TIME 6.0 MATRIX ' + ' ' + nove);
	
	if(retcommand == 'STREAM_ERROR') alert('Possible Stream Error. BAD COMMAND: string NOVE');
	
	retcommand = document.OSG.execCoreCommand('ANIMATEVIEW SET_ANIMATION_KEY TIME 6.0 MATRIX ' + ' ' + sottomuso);
	if(retcommand == 'STREAM_ERROR') alert('Possible Stream Error. BAD COMMAND: string SOTTOMUSO');
		
	retcommand = document.OSG.execCoreCommand('ANIMATEVIEW SET_ANIMATION_KEY TIME 6.0 MATRIX ' + ' ' + dieci);
	
	if(retcommand == 'STREAM_ERROR') alert('Possible Stream Error. BAD COMMAND: string DIECI');
	
	retcommand = document.OSG.execCoreCommand('ANIMATEVIEW SET_ANIMATION_KEY TIME 6.0 MATRIX ' + ' ' + uno);
	
	if(retcommand == 'STREAM_ERROR') alert('Possible Stream Error. BAD COMMAND: string UNO');

	document.OSG.execCoreCommand('ANIMATEVIEW START_ANIMATION');

}

function StopAnimation() 
{
	document.OSG.execCoreCommand('ANIMATEVIEW STOP_ANIMATION');
}
</script>

    </span></div></td>
    <td width="27%" valign="top" class="Stile5">
    <form name="form1" method="post" action="">
    <table width="100%" border="0" cellspacing="0" cellpadding="0">
      <tr>
        <td><textarea name="MatrixArea" id="MatrixArea" cols="60" rows="8" wrap="hard" readonly="yes"></textarea></td>
	</tr>
	<tr>
	<td><input name="AnimationTime" id="AnimationTime" cols="60" type="text" />
	<a href="javascript:GetAnimationTime()">Get Animation Time</a>&nbsp;<a href="javascript:SetAnimationTime()">Set Animation Time</a>
	</td>
      </tr>
      <tr>
        <td>&nbsp;</td>
      </tr>
      <tr>
        <td><table width="100%" border="0" cellspacing="0" cellpadding="0">
          <tr>
            <td><div align="center">
            <a href="javascript:GetCurrentMatrix()">Get Current Matrix</a></div></td>
            <td><div align="center">
	    <a href="javascript:GoToDirectly()">Go To Matrix</a></div></td>
	    <td><div align="center">&nbsp;</div></td>
	    <td><div align="center"><a href="javascript:StopAnimation()">Stop Animation</a></div></td>
            <td><div align="center"><a href="javascript:StartAnimation()">Start Animation</a></div></td>
          </tr>
        </table></td>
      </tr>
      <tr>
        <td>&nbsp;</td>
      </tr>
    </table>
    </form>
    <p>&nbsp;</p></td>
  </tr>
</table>
 </span></p>
<center>

  <br>

</center>

</BODY>
</HTML>


